RowNumber,Returns,Volatility,BTC,ETH,ETC,LTC,DASH,NEO,ZEC,XMR
0,1.250679322,0.350580282,0.14856626,0.030199201,0.155294145,0.029180521,0.078300776,0.169099986,0.144487505,0.244871606
1,1.407726852,0.365212572,0.266079318,0.03382113,0.272729793,0.00908855,0.202992196,0.12667152,0.048888365,0.039729129
2,1.214753201,0.334873695,0.136133568,0.097586432,0.043339063,0.033989525,0.082132735,0.242959154,0.213725065,0.150134458
3,1.303873102,0.363491391,0.126672371,0.15898032,0.13152089,0.141918751,0.00311287,0.170103319,0.153394882,0.114296598
4,1.298984602,0.353582782,0.163662251,0.202754795,0.055241952,0.046307811,0.066825577,0.19185273,0.157248318,0.116106565
5,1.382204509,0.372095007,0.204730511,0.065153166,0.144586684,0.174836254,0.042967405,0.11983249,0.0970203,0.15087319
6,1.274069871,0.334999394,0.184416165,0.138492468,0.134360537,0.034508888,0.051886145,0.240742779,0.173106035,0.042486982
7,1.073916669,0.343436807,0.027212865,0.083286332,0.062350501,0.049503507,0.02645247,0.199896042,0.310626804,0.240671478
8,1.364125497,0.392231351,0.071147978,0.212033037,0.081354811,0.147404782,0.116564289,0.139578313,0.064567332,0.167349458
9,1.27496048,0.361182474,0.067697962,0.113103404,0.180624245,0.047756124,0.116401566,0.201425882,0.126700239,0.146290578
10,1.230899223,0.369789848,0.103551791,0.155763235,0.085489298,0.05635719,0.082305213,0.124361702,0.202881164,0.189290407
11,1.366400902,0.366437284,0.207026143,0.109364806,0.11710003,0.094498535,0.089287751,0.126197479,0.139504608,0.117020648
12,1.334233199,0.363019551,0.164613815,0.160687415,0.192261593,0.014517595,0.069287423,0.164394019,0.040884757,0.193353384
13,1.22271909,0.410036755,0.06960647,0.182995937,0.17345338,0.248822124,0.013205629,0.013066938,0.221577627,0.077271895
14,1.271547163,0.395523103,0.016235447,0.065003905,0.213012894,0.17486575,0.138222505,0.1074555,0.139768186,0.145435813
15,1.413037124,0.394808102,0.226604591,0.053843702,0.146409428,0.121829806,0.148433306,0.046845785,0.001442464,0.254590918
16,1.268361657,0.362333914,0.117077164,0.109445173,0.104496448,0.038201777,0.186487067,0.171825512,0.200124574,0.072342284
17,1.399543166,0.407402971,0.061085143,0.220940782,0.067141304,0.202961194,0.148391116,0.125997162,0.009327334,0.164155964
18,1.317141097,0.368306836,0.147363817,0.183602735,0.027575032,0.19635041,0.037920615,0.162692751,0.202319685,0.042174955
19,1.194480861,0.3961113,0.034810121,0.061972446,0.028863792,0.166488918,0.112063147,0.067717225,0.167593216,0.360491136
20,1.372454802,0.377832186,0.082767029,0.2159781,0.093090483,0.250069483,0.058085754,0.236061755,0.029632236,0.034315159
21,1.395810079,0.378356187,0.184865338,0.114712847,0.223542695,0.196338912,0.022333941,0.141782363,0.014521118,0.101902786
22,1.374658646,0.36256084,0.139804788,0.049200627,0.094200949,0.106782246,0.180178093,0.199723689,0.105352286,0.124757322
23,1.401782582,0.374230796,0.208514095,0.183325909,0.167959323,0.146921429,0.02995744,0.132126666,0.075556842,0.055638295
24,1.375464346,0.382655109,0.255038229,0.106305942,0.040802192,0.212640434,0.096890775,0.062454,0.201139206,0.024729221
25,1.370600837,0.362414434,0.264069926,0.03758704,0.048946482,0.010294999,0.252047101,0.136853716,0.091390384,0.158810352
26,1.294922782,0.403259493,0.00042627,0.189373584,0.106495118,0.177673689,0.133857962,0.113128438,0.118809971,0.160234969
27,1.235622471,0.373134626,0.190859435,0.167717715,0.049963281,0.060565762,0.012023688,0.065580121,0.164410087,0.288879912
28,1.235851557,0.373735508,0.112416715,0.02658602,0.176017966,0.057034516,0.239340987,0.113157698,0.249227594,0.026218504
29,1.21342667,0.355588849,0.114760433,0.011894414,0.178793153,0.113960619,0.038775993,0.150088478,0.232905351,0.158821558
30,1.392610049,0.407332592,0.117149387,0.086724423,0.0542315,0.201785707,0.209782112,0.081890688,0.031905976,0.216530208
31,1.264048511,0.368597698,0.095864298,0.056775973,0.199658145,0.065052343,0.117045016,0.138572405,0.162274201,0.164757618
32,1.37440282,0.37421658,0.050151285,0.070344271,0.089969136,0.161317354,0.226584144,0.244903399,0.038266858,0.118463552
33,1.300429879,0.38776988,0.151537761,0.120874919,0.159484644,0.160765142,0.041165027,0.056011439,0.167954075,0.142206993
34,1.349368124,0.382982372,0.1739751,0.146571705,0.016546222,0.095194008,0.180144318,0.100295022,0.140321467,0.146952158
35,1.383896518,0.402623702,0.155822922,0.176504887,0.226624035,0.104324007,0.129267495,0.050382449,0.036817844,0.120256361
36,1.331217496,0.385039909,0.20772549,0.102080142,0.206071863,0.141718262,0.08190193,0.0485601,0.174292106,0.037650107
37,1.235542549,0.373997055,0.008500933,0.206551278,0.202089185,0.029049891,0.142569399,0.191045025,0.13273264,0.087461649
38,1.273727079,0.382104023,0.064791104,0.188302856,0.040424108,0.142676681,0.136984747,0.14207785,0.211599679,0.073142974
39,1.213562861,0.400797891,0.020649895,0.151920007,0.200536299,0.048302603,0.2061953,0.063085571,0.182391819,0.126918505
40,1.325828776,0.388547951,0.020591278,0.281584642,0.024697484,0.130330125,0.147820023,0.192098406,0.079426598,0.123451445
41,1.191140985,0.358896943,0.07279177,0.174010777,0.000294365,0.103606473,0.018108022,0.177015826,0.229448315,0.224724452
42,1.422063923,0.368928034,0.206253195,0.106243445,0.175215611,0.029830417,0.167822115,0.156398377,0.008112238,0.150124602
43,1.271084124,0.366145768,0.179343107,0.050123722,0.225835952,0.082874793,0.017144828,0.096241615,0.139419936,0.209016048
44,1.387212466,0.394165482,0.142346464,0.255940649,0.09670048,0.097065709,0.098599851,0.097873632,0.033764253,0.17770896
45,1.360770448,0.417030414,0.056676741,0.183629414,0.126930066,0.205489358,0.179071378,0.069042819,0.071042687,0.108117538
46,1.335148084,0.407945468,0.068399143,0.226902201,0.053538094,0.107355384,0.221492104,0.08618366,0.081171478,0.154957936
47,1.353964211,0.356804081,0.230345856,0.007593463,0.056962204,0.091692587,0.1407067,0.147167048,0.143074981,0.182457162
48,1.245387479,0.354972343,0.276656071,0.08730628,0.144264415,0.050444364,0.069961041,0.077551806,0.290528189,0.003287833
49,1.308600364,0.346737957,0.258596684,0.127905324,0.226594051,0.04361391,0.00569264,0.157518217,0.136569881,0.043509294
50,1.36189373,0.377670712,0.100841067,0.093706267,0.069461536,0.143326389,0.223528416,0.179252129,0.129746616,0.060137582
51,1.373682627,0.360713056,0.202177502,0.075867595,0.119356139,0.007461117,0.252348159,0.179806689,0.095159559,0.067823239
52,1.240927352,0.35062826,0.064108097,0.20926881,0.166279773,0.012568285,0.101085834,0.256453146,0.129589908,0.060646147
53,1.331637721,0.373839553,0.066338417,0.257139397,0.193234038,0.017852611,0.159256356,0.222889118,0.003248482,0.080041582
54,1.305944021,0.361912358,0.049168375,0.005626818,0.077589324,0.20740773,0.212644397,0.270162673,0.132701748,0.044698935
55,1.255078992,0.404535282,0.063617727,0.051734912,0.227225187,0.175806728,0.122001932,0.032373425,0.162942385,0.164297703
56,1.322777958,0.380588627,0.209232767,0.044264299,0.216897612,0.183901599,0.076787857,0.065631955,0.185634979,0.017648932
57,1.3391256,0.398775598,0.109273932,0.219970995,0.150860927,0.003012953,0.229032937,0.095834801,0.00873043,0.183283025
58,1.224878322,0.403046087,0.062121642,0.322924986,0.158678472,0.028083195,0.132960071,0.051507591,0.169507177,0.074216867
59,1.333703471,0.396524622,0.050747533,0.018343645,0.187778887,0.205753422,0.13925929,0.119092821,0.038491937,0.240532466
60,1.293913781,0.381679499,0.14389896,0.274418423,0.027296755,0.070853199,0.156485213,0.116909953,0.200868278,0.009269219
61,1.232900557,0.33466625,0.14858022,0.19163289,0.102465363,0.010983141,0.029873676,0.25294607,0.168517265,0.095001376
62,1.178445524,0.36145252,0.033191182,0.081261714,0.099483814,0.048591638,0.145158963,0.179808174,0.233582566,0.178921948
63,1.3690487,0.376085193,0.114933213,0.160994397,0.161081113,0.075763632,0.096504568,0.162537928,0.022029836,0.206155313
64,1.301813411,0.364839303,0.085929933,0.172368888,0.056751905,0.130108908,0.131207718,0.211472543,0.182772043,0.029388061
65,1.193663711,0.404036275,0.115117146,0.199548794,0.02659806,0.062374647,0.236120305,0.005293184,0.278754673,0.07619319
66,1.254343533,0.346312381,0.131197862,0.182551021,0.23975415,0.04935515,0.008981057,0.231813095,0.121693748,0.034653917
67,1.298471646,0.408011914,0.15118834,0.17546308,0.003191393,0.180930786,0.138151082,0.006633052,0.190728323,0.153713945
68,1.424775221,0.39622752,0.107828758,0.047764853,0.135895801,0.180422304,0.245659949,0.137424114,0.018468194,0.126536026
69,1.318453147,0.380571188,0.300614134,0.109784151,0.279634986,0.075906056,0.000303427,0.00918104,0.085004746,0.13957146
70,1.265113603,0.380848824,0.160679182,0.027759303,0.145099776,0.162236892,0.038541207,0.055582703,0.176024666,0.234076271
71,1.368798748,0.368908721,0.138084509,0.203649894,0.175537513,0.084641372,0.092067003,0.185934906,0.074061968,0.046022836
72,1.215225888,0.37544364,0.030286199,0.24635879,0.255618905,0.008947233,0.032420585,0.155268993,0.087931962,0.183167334
73,1.269540906,0.376624944,0.123264549,0.029339966,0.181990334,0.168351463,0.030962264,0.096500113,0.158754205,0.210837106
74,1.35103216,0.397347402,0.059621511,0.150305471,0.109866168,0.212789467,0.176482713,0.136838016,0.119413021,0.034683632
75,1.289746632,0.375391025,0.026650245,0.044164858,0.201950439,0.10276904,0.194144538,0.185383186,0.121617545,0.123320149
76,1.361225012,0.366741433,0.148008963,0.070562602,0.166776882,0.087687372,0.158973824,0.165135919,0.124397938,0.0784565
77,1.224240607,0.392957377,0.020121693,0.194479744,0.213647323,0.221351242,0.030830967,0.117769895,0.197678331,0.004120805
78,1.443815815,0.379071057,0.201576751,0.139653957,0.170310881,0.134624312,0.130748109,0.135738302,0.059474068,0.02787362
79,1.347378268,0.385196189,0.186522896,0.176584233,0.062524246,0.060278502,0.18849348,0.082451022,0.145024342,0.098121278
80,1.249349272,0.375958063,0.022241696,0.135637651,0.187381369,0.099216956,0.062308395,0.158327245,0.130190822,0.204695865
81,1.342543508,0.393463263,0.23529872,0.19611339,0.101138336,0.079034342,0.067806186,0.013958092,0.090640525,0.216010409
82,1.173853266,0.392907558,0.131226641,0.116759847,0.026826815,0.061529267,0.159361506,0.008100786,0.252741874,0.243453263
83,1.215611038,0.397193512,0.017294513,0.029351713,0.198462943,0.201839526,0.108786486,0.070943532,0.203078024,0.170243263
84,1.46543788,0.365508021,0.213732644,0.114641732,0.105167592,0.062676913,0.225997925,0.202616295,0.009178898,0.065988001
85,1.290895809,0.347716609,0.146204673,0.086825729,0.011189467,0.141856116,0.023735185,0.22109841,0.142225708,0.226864711
86,1.177977162,0.365440399,0.006052608,0.00759878,0.153427622,0.045755576,0.208491836,0.181499803,0.21182849,0.185345285
87,1.320613898,0.385600731,0.090929324,0.089565642,0.098299159,0.145276007,0.144628298,0.116825344,0.138385604,0.176090621
88,1.328788656,0.399405198,0.013706147,0.159062803,0.056345473,0.204708128,0.144599907,0.143333865,0.075545494,0.202698183
89,1.344311876,0.377935935,0.17562069,0.088091449,0.070400508,0.11188032,0.191386633,0.106210313,0.187523128,0.068886958
90,1.139870676,0.379483342,0.063699847,0.090968262,0.154879425,0.049671423,0.081601971,0.060234502,0.258974288,0.239970282
91,1.375363192,0.372105674,0.16568588,0.127835635,0.224157166,0.0532278,0.143158341,0.147196512,0.07260026,0.066138405
92,1.196726426,0.36176397,0.039535805,0.161494998,0.117495702,0.075054023,0.032058529,0.178604999,0.204288767,0.191467178
93,1.256246321,0.383235825,0.134830219,0.194935558,0.027573028,0.036335085,0.22760664,0.097522062,0.215973408,0.065224001
94,1.235488408,0.397899329,0.087324831,0.013550433,0.060228772,0.104750046,0.249473616,0.05080122,0.165351486,0.268519596
95,1.348481579,0.357673152,0.196639909,0.090425934,0.102764812,0.072383901,0.162922372,0.169566032,0.180174858,0.025122181
96,1.24030317,0.398212278,0.151909219,0.074839768,0.247359174,0.169303243,0.103308588,0.001397642,0.244901381,0.006980985
97,1.300920328,0.368817041,0.092595638,0.138519768,0.060425171,0.088425458,0.134957328,0.175315373,0.148871314,0.16088995
98,1.255093218,0.367237508,0.041442874,0.222401485,0.11640902,0.047833248,0.18006473,0.223206188,0.160493012,0.008149444
99,1.350099955,0.369465477,0.18227769,0.012787129,0.212146264,0.141099066,0.042700202,0.127082069,0.056084458,0.225823121
100,1.400703487,0.355374522,0.224317489,0.005880515,0.226549685,0.135297851,0.083696626,0.18547924,0.061187242,0.07759135
101,1.404051111,0.382276146,0.161992635,0.136364582,0.092968092,0.093827762,0.170365743,0.126597713,0.066495656,0.151387816
102,1.301895191,0.382009304,0.291850669,0.15781121,0.024755429,0.058200403,0.139599113,0.008336254,0.22441326,0.095033661
103,1.341585886,0.362454334,0.189633809,0.126523459,0.05402987,0.078677912,0.156159184,0.156879572,0.184508803,0.053587391
104,1.197224018,0.386264125,0.001437943,0.060418031,0.23305562,0.154199179,0.036560008,0.104247194,0.162396292,0.247685732
105,1.416456582,0.385335194,0.26873018,0.001829388,0.20172381,0.23598221,0.071186398,0.072546329,0.037161976,0.11083971
106,1.249328979,0.393290023,0.187840578,0.261638985,0.021484504,0.101009802,0.118912136,0.018986564,0.278126286,0.012001144
107,1.279996587,0.364372733,0.16651195,0.176515309,0.079895385,0.05627225,0.027799425,0.128803629,0.144695034,0.219507017
108,1.305683801,0.379521611,0.163236292,0.137645059,0.114500227,0.103927009,0.091757991,0.080538633,0.187785072,0.120609718
109,1.288389121,0.41001599,0.073095103,0.173065077,0.163589205,0.156937776,0.102275254,0.027887236,0.13342112,0.169729229
110,1.190388873,0.378999501,0.148683639,0.102707974,0.18983893,0.092006284,0.007054669,0.031104986,0.242136007,0.18646751
111,1.27577128,0.407004503,0.07600205,0.111262001,0.235212956,0.139556425,0.146633048,0.029130511,0.153976485,0.108226524
112,1.260039989,0.418214305,0.015035068,0.133855447,0.186032125,0.190402795,0.158711415,0.029637533,0.155901071,0.130424547
113,1.233737546,0.364619169,0.048183128,0.037261152,0.069920727,0.089705971,0.257843989,0.206793162,0.221097164,0.069194707
114,1.421192794,0.381491276,0.114472779,0.079140582,0.162509857,0.146178873,0.168019524,0.17184835,0.015862797,0.141967239
115,1.341491287,0.421521188,0.118105606,0.189309208,0.086437217,0.211845508,0.214361162,0.014665902,0.155243937,0.01003146
116,1.258851971,0.38053013,0.187410527,0.156626995,0.079098123,0.098313678,0.046428365,0.042593591,0.219168,0.170360721
117,1.125392957,0.324601368,0.015304591,0.197586554,0.054029788,0.035201723,0.096862242,0.373216312,0.204243661,0.023555129
118,1.220641736,0.340333592,0.108766865,0.020753721,0.20137714,0.078811271,0.064361891,0.226973957,0.2118647,0.087090454
119,1.307625599,0.358243183,0.185932159,0.095057667,0.106666171,0.114785187,0.035059719,0.143568377,0.185056071,0.133874649
120,1.40403215,0.43014844,0.121043796,0.138908023,0.100605659,0.336812708,0.212811558,0.056789257,0.005134342,0.027894657
121,1.373843023,0.362413016,0.182570421,0.015909807,0.031725,0.105722298,0.216441028,0.181272688,0.11633528,0.150023478
122,1.270661812,0.387391605,0.220051044,0.269204462,0.084377329,0.035069873,0.052498237,0.018555215,0.174329169,0.145914671
123,1.240724556,0.370635683,0.153461539,0.145370349,0.045478076,0.029150983,0.215739017,0.118093986,0.25144536,0.04126069
124,1.247495426,0.36313011,0.139881931,0.176676122,0.100421596,0.086733116,0.003195458,0.131720557,0.205295717,0.156075503
125,1.291245258,0.394696416,0.140178263,0.161022891,0.200996045,0.129128731,0.085155856,0.039743283,0.180492322,0.063282609
126,1.272998451,0.405104064,0.030486993,0.205712589,0.073144169,0.097046831,0.216575955,0.084726258,0.141977577,0.150329628
127,1.156829415,0.348403966,0.032854947,0.111351417,0.146127376,0.025477654,0.048954996,0.215287028,0.205499812,0.21444677
128,1.318218516,0.381927933,0.184732295,0.087103542,0.196296787,0.177012235,0.052327389,0.07053645,0.177634578,0.054356724
129,1.419043305,0.390380009,0.17632598,0.132625016,0.077822431,0.063636532,0.257047105,0.114513644,0.017445058,0.160584234
130,1.266895597,0.349998902,0.139203364,0.007227437,0.100040933,0.190862518,0.021306116,0.19780787,0.19959819,0.143953571
131,1.432965396,0.403794231,0.241071519,0.073831461,0.024243621,0.171930848,0.238697072,0.034037776,0.064499436,0.151688268
132,1.339731453,0.375866454,0.120744749,0.15225696,0.087766621,0.170401366,0.053901099,0.14566514,0.138483439,0.130780627
133,1.418322322,0.385963697,0.164308761,0.260588458,0.161048375,0.120170516,0.058734616,0.134560768,0.008656364,0.091932142
134,1.33075285,0.386975842,0.040340621,0.107582709,0.085656558,0.21841749,0.207779214,0.18851265,0.133874506,0.017836251
135,1.415764878,0.390510903,0.196538647,0.193057824,0.015802475,0.122335749,0.145963337,0.09347946,0.05753877,0.175283739
136,1.259356197,0.398829598,0.049577745,0.257002221,0.062196669,0.227426308,0.029577133,0.089473017,0.206223876,0.078523031
137,1.322224058,0.388095159,0.229185096,0.10314121,0.001860616,0.222324957,0.082897148,0.036496589,0.225389522,0.098704861
138,1.365431521,0.38595367,0.092613727,0.136381712,0.082074666,0.195237574,0.089880437,0.145296098,0.081166277,0.177349509
139,1.359883238,0.364079563,0.099567112,0.316480395,0.037496855,0.148792926,0.047422535,0.271100906,0.033692301,0.045446969
140,1.272153734,0.346661226,0.197548002,0.005732565,0.108594135,0.058052955,0.096905325,0.161851166,0.200133747,0.171182103
141,1.308880121,0.363097205,0.228622373,0.036938704,0.123792452,0.177705516,0.042497447,0.10549189,0.228871475,0.056080144
142,1.329056002,0.361661736,0.198830421,0.152889021,0.141649646,0.033290153,0.113799116,0.142265675,0.157143399,0.06013257
143,1.314247733,0.390090601,0.182199077,0.197069822,0.128073233,0.086648396,0.140605169,0.048437618,0.197608471,0.019358214
144,1.163806336,0.380438111,0.028553564,0.13089958,0.118525485,0.013097718,0.203895679,0.11266136,0.238507502,0.153859113
145,1.339928036,0.390890343,0.204420387,0.178220259,0.163028917,0.185381528,0.039208895,0.047042999,0.167453888,0.015243127
146,1.251762281,0.396847426,0.106513867,0.181117748,0.072675693,0.145053742,0.087107136,0.037514879,0.222299468,0.147717468
147,1.276321522,0.364658863,0.143646393,0.251751265,0.122357326,0.096657389,0.005670914,0.154339472,0.190197764,0.035379478
148,1.317960086,0.377171162,0.097012911,0.130895466,0.050135165,0.14899396,0.111148451,0.147821986,0.154078442,0.159913618
149,1.306018705,0.390321507,0.048218378,0.190585119,0.182628836,0.1815341,0.044186626,0.131242016,0.108875087,0.112729838
150,1.43403022,0.397168248,0.253317735,0.101650988,0.004328866,0.276024411,0.11017943,0.061911115,0.074717817,0.117869638
151,1.29445151,0.400335054,0.018291456,0.1791249,0.136667991,0.115710226,0.166042412,0.106806559,0.108552278,0.168804177
152,1.345048264,0.371180045,0.107799331,0.094618985,0.02687519,0.068170043,0.232570914,0.202717146,0.042361635,0.224886756
153,1.230273225,0.375891313,0.10245747,0.17986409,0.201549718,0.015348474,0.111286437,0.105572345,0.188595722,0.095325743
154,1.358642866,0.402152624,0.07695318,0.013297723,0.237246066,0.2473589,0.221515425,0.124882283,0.05673791,0.022008512
155,1.273923556,0.36865874,0.076426543,0.081445429,0.149851443,0.064445306,0.141371601,0.162192365,0.150461923,0.173805391
156,1.432124492,0.350704737,0.264534934,0.082442432,0.176119664,0.114763948,0.087378224,0.20166236,0.066578808,0.00651963
157,1.411728418,0.397638774,0.08123606,0.14551095,0.077332151,0.220661036,0.146115113,0.150699689,0.006202505,0.172242496
158,1.440169792,0.379608308,0.221078172,0.084877735,0.11247582,0.185151108,0.070099918,0.118709686,0.0231591,0.184448461
159,1.43317628,0.378827091,0.233497396,0.118614447,0.182684691,0.130704495,0.058326507,0.104668229,0.017419208,0.154085028
160,1.370735121,0.374285271,0.08680493,0.005574103,0.057461995,0.241864487,0.190263287,0.225549928,0.06068759,0.13179368
161,1.420835215,0.356581865,0.260525854,0.170719586,0.004830711,0.117812504,0.08525862,0.177780288,0.118873648,0.064198789
162,1.369345013,0.380911579,0.119340854,0.05330935,0.151771579,0.146247464,0.142609081,0.134615828,0.088253395,0.16385245
163,1.339957853,0.35482793,0.24180567,0.158764283,0.141879445,0.082614259,0.030651415,0.147179232,0.167753858,0.029351836
164,1.408624917,0.342460769,0.254608483,0.077975193,0.188613905,0.018592237,0.147453792,0.233509058,0.034216585,0.045030747
165,1.366323923,0.397363119,0.091042965,0.134859565,0.079587418,0.15040569,0.191385969,0.108034883,0.086734513,0.157948996
166,1.413144643,0.374090853,0.114626861,0.119993275,0.063077747,0.158126683,0.211884103,0.220000936,0.061050454,0.051239941
167,1.396646328,0.37784611,0.094744745,0.123237025,0.157891137,0.156178869,0.164133338,0.199111469,0.055861456,0.048841961
168,1.284392511,0.425342911,0.033803844,0.393383159,0.246072336,0.121162247,0.09279523,0.042339053,0.051153773,0.019290357
169,1.323011768,0.383815788,0.0951964,0.111679937,0.056597709,0.038769554,0.254297412,0.15583204,0.024204158,0.263422791
170,1.11445751,0.379857416,0.055668659,0.100211023,0.077144089,0.018857568,0.181819362,0.070468695,0.301957989,0.193872615
171,1.382654367,0.37044066,0.14555183,0.127767983,0.160842809,0.09015037,0.154702407,0.171611936,0.098656136,0.05071653
172,1.197996293,0.412922848,0.057483093,0.330517776,0.297172931,0.009404302,0.119289592,0.013029836,0.136003396,0.037099075
173,1.289490442,0.378338684,0.065921773,0.105939089,0.065473899,0.316243889,0.0748168,0.205215368,0.154395233,0.011993949
174,1.366933169,0.35814918,0.129734795,0.140716094,0.141187812,0.042959032,0.126441974,0.22786052,0.03012012,0.160979652
175,1.341779526,0.399741111,0.009329094,0.181604966,0.032822722,0.188751701,0.210150514,0.1663008,0.071574411,0.139465791
176,1.351292307,0.387884739,0.030554246,0.227989929,0.063013105,0.09740706,0.169497336,0.19448591,0.004345639,0.212706775
177,1.402341979,0.35972774,0.160966614,0.03648191,0.03161202,0.162842404,0.133336958,0.235419582,0.004444664,0.234895849
178,1.326348529,0.359814355,0.128234145,0.047068204,0.124444347,0.167367964,0.026910965,0.19273221,0.092048146,0.221194019
179,1.361146447,0.367293849,0.165893882,0.115578644,0.080392844,0.145579043,0.077563588,0.153798982,0.144610414,0.116582604
180,1.412345699,0.392619075,0.175865874,0.117408044,0.176054277,0.110442749,0.152497798,0.078497681,0.04629418,0.142939398
181,1.165132707,0.37887213,0.01784606,0.130038061,0.231961043,0.018194265,0.092245942,0.107514498,0.184255089,0.217945041
182,1.280012026,0.41178181,0.073373645,0.108935726,0.165384412,0.157526079,0.169918766,0.018338534,0.159889167,0.146633672
183,1.22300212,0.378439942,0.060363851,0.168455155,0.180499462,0.070544701,0.01896076,0.110202394,0.141813328,0.249160348
184,1.329950645,0.37673107,0.148851,0.10102689,0.078435914,0.184796646,0.057550836,0.116664221,0.162254243,0.150420251
185,1.282837276,0.382114743,0.093303903,0.193300935,0.038457324,0.004615623,0.227409037,0.148131195,0.071792981,0.222989003
186,1.189275676,0.394682906,0.019532289,0.175834569,0.149080807,0.151895256,0.131948998,0.083163751,0.283650644,0.004893686
187,1.181786887,0.401944872,0.049146569,0.093650289,0.200992002,0.024872833,0.221091758,0.020870181,0.200734645,0.188641722
188,1.24316119,0.360637053,0.060680237,0.127610623,0.05691967,0.13464522,0.140892126,0.216515161,0.240209223,0.02252774
189,1.426384764,0.378061046,0.163579386,0.080298413,0.126780262,0.122913573,0.161097072,0.146555812,0.045962345,0.152813138
190,1.252281394,0.425639692,0.009555594,0.217953032,0.046894816,0.277455722,0.019759511,0.024936713,0.077940402,0.32550421
191,1.336672877,0.391772319,0.194561034,0.126310083,0.094144843,0.216328574,0.03260379,0.042684745,0.158643957,0.134722974
192,1.196641374,0.352408667,0.052854285,0.080603854,0.127764696,0.059270998,0.146943862,0.21644192,0.246532564,0.06958782
193,1.411622951,0.363267017,0.192985983,0.112245421,0.023923081,0.140459669,0.146943253,0.1895195,0.116186122,0.077736971
194,1.318685495,0.383061866,0.082444581,0.264669081,0.235239062,0.102212569,0.066260711,0.161058275,0.068349221,0.019766502
195,1.317478078,0.375363934,0.084492136,0.219710057,0.036062058,0.051032502,0.149220753,0.183689348,0.065078056,0.210715091
196,1.313003342,0.387424984,0.198764425,0.218818007,0.082475631,0.107913797,0.057336121,0.042003254,0.183777955,0.10891081
197,1.293851229,0.415609371,0.075917109,0.187436574,0.008269418,0.198903746,0.149661101,0.030399832,0.140210998,0.209201221
198,1.215034727,0.414558356,0.037245493,0.023211273,0.165925958,0.222244001,0.146447347,0.001997035,0.20212232,0.200806574
199,1.471377231,0.397106042,0.225946762,0.059757589,0.004020093,0.207679556,0.24220882,0.100896629,0.001697123,0.157793429
200,1.356031439,0.358114085,0.243163953,0.030926007,0.067606945,0.145262339,0.117572669,0.136705906,0.212483047,0.046279133
201,1.351341963,0.402105203,0.084444889,0.097974437,0.068174698,0.342179476,0.152334469,0.14584086,0.082129623,0.026921549
202,1.283967849,0.3864129,0.249183193,0.152787642,0.272976773,0.018551802,0.11348423,0.005324907,0.165843715,0.021847739
203,1.325553232,0.389298082,0.047340693,0.116992691,0.189123334,0.254911443,0.025868748,0.162685767,0.034597797,0.168479527
204,1.1409963,0.335095035,0.095493717,0.027444576,0.29152177,0.006263682,0.093151054,0.232973281,0.241784769,0.011367151
205,1.310512942,0.379104832,0.136208426,0.192385421,0.061811386,0.151183011,0.04469629,0.110858076,0.180565698,0.122291691
206,1.452362132,0.375614938,0.218120784,0.202132025,0.079254135,0.166840239,0.040662109,0.150262526,0.025801482,0.1169267
207,1.330030542,0.416919929,0.077700555,0.141193649,0.176544413,0.203032764,0.216554392,0.045456702,0.134188756,0.005328768
208,1.379572426,0.345520019,0.281187963,0.074246413,0.093581017,0.157144476,0.008524442,0.18071913,0.142494244,0.062102315
209,1.344022755,0.36092512,0.214522001,0.091729785,0.097905598,0.194882087,0.028873152,0.149483151,0.187735823,0.034868402
210,1.317434761,0.391542783,0.131960515,0.164776858,0.126194416,0.205890809,0.035785096,0.074984568,0.163497111,0.096910626
211,1.431247672,0.389009887,0.131417333,0.189251717,0.070323566,0.199576946,0.089797891,0.152420808,0.0129257,0.15428604
212,1.242386008,0.419562518,0.024379624,0.205303371,0.126362922,0.250636118,0.003297843,0.016145943,0.125644815,0.248229364
213,1.2002069,0.403548274,0.05225194,0.043277774,0.104241674,0.277754728,0.119772793,0.039945895,0.282493784,0.080261411
214,1.257313161,0.403663444,0.073872697,0.084398868,0.129444209,0.099529459,0.233486997,0.039524817,0.180248613,0.159494341
215,1.334006528,0.397994112,0.105624733,0.171388201,0.120148433,0.141772916,0.088810684,0.070553928,0.08984998,0.211851125
216,1.401890028,0.368420119,0.185185776,0.096011128,0.175751602,0.233647844,0.053151853,0.203732381,0.025241158,0.027278257
217,1.295967937,0.405003776,0.116881791,0.059802217,0.210489902,0.101399325,0.23725964,0.022198583,0.158611069,0.093357473
218,1.262986034,0.36925486,0.071151614,0.106872995,0.169447476,0.056766983,0.128561595,0.158926337,0.159317676,0.148955324
219,1.285516727,0.387642745,0.103062413,0.044065307,0.155228456,0.191436818,0.076504226,0.081133248,0.161323023,0.18724651
220,1.313271862,0.363489209,0.140963792,0.117097382,0.021048418,0.18704942,0.01653501,0.172843047,0.150359103,0.194103828
221,1.422484902,0.376032718,0.271862805,0.218632689,0.108942982,0.107461709,0.00202118,0.098590398,0.014009306,0.178478933
222,1.376848016,0.39058146,0.139144718,0.051681612,0.00927551,0.246239174,0.139308262,0.125641775,0.056925389,0.23178356
223,1.369348537,0.384368975,0.118271903,0.206444169,0.193450168,0.088574533,0.151455756,0.145360721,0.076794321,0.01964843
224,1.296256726,0.386017385,0.216982364,0.200629382,0.167810625,0.053130031,0.027446549,0.025145098,0.121958256,0.186897694
225,1.3504972,0.380326524,0.108710142,0.001576072,0.185101708,0.169458805,0.20149809,0.146107291,0.132135277,0.055412614
226,1.291029293,0.365532987,0.032226792,0.019308962,0.078440841,0.084763759,0.323685263,0.263547121,0.09248408,0.105543181
227,1.384685789,0.41191206,0.117980841,0.156879265,0.118467381,0.224511138,0.187742372,0.063487501,0.101626338,0.029305163
228,1.348877262,0.402035139,0.041730646,0.221758022,0.184305365,0.07093523,0.246974547,0.136570402,0.031455721,0.066270066
229,1.267193328,0.399262677,0.054743107,0.129274608,0.178187119,0.189685253,0.119194464,0.074366767,0.195922045,0.058626638
230,1.404003428,0.344981147,0.221094811,0.035280466,0.125847866,0.064906028,0.186185602,0.234799296,0.096324343,0.035561587
231,1.361235207,0.389074274,0.065020244,0.127961802,0.131887412,0.121002452,0.211414727,0.153288923,0.080708515,0.108715927
232,1.362805239,0.36734215,0.214448409,0.164733476,0.168927106,0.052916763,0.061962579,0.122566637,0.095876901,0.118568127
233,1.253672593,0.328821327,0.200292094,0.031860411,0.054036369,0.052924373,0.041491535,0.238246044,0.16032838,0.220820794
234,1.193669255,0.372789345,0.08120665,0.119559757,0.00955117,0.033692815,0.235913367,0.139140925,0.241312537,0.139622779
235,1.197852627,0.400908037,0.045819725,0.249876132,0.039955186,0.109014045,0.129862796,0.049545219,0.25561543,0.120311467
236,1.315096422,0.409186638,0.018853268,0.206736692,0.149620301,0.19338594,0.060802973,0.089161523,0.041135809,0.240303494
237,1.352463458,0.41571513,0.056753838,0.183862091,0.086710822,0.234616985,0.199863425,0.082304863,0.106860527,0.04902745
238,1.330855173,0.403769616,0.073759589,0.273961996,0.027668227,0.261950229,0.048969367,0.104986388,0.128357074,0.08034713
239,1.339849482,0.383202156,0.199493588,0.043608844,0.154234759,0.209859411,0.106034443,0.072928123,0.194470295,0.019370539
240,1.456230425,0.373750649,0.36006653,0.177788134,0.069470874,0.015509553,0.182048231,0.07668655,0.050693759,0.067736369
241,1.359439391,0.379473617,0.144229897,0.172407311,0.170262361,0.153398832,0.069407439,0.13253311,0.121566756,0.036194296
242,1.335708683,0.417398841,0.082898524,0.03195705,0.022402668,0.308556616,0.200314709,0.06949796,0.044763134,0.239609339
243,1.343592559,0.370805909,0.130165801,0.256226782,0.033408716,0.121992861,0.061522684,0.176150887,0.131675306,0.088856963
244,1.248907412,0.350859484,0.071959216,0.104176876,0.16546378,0.027988784,0.05276844,0.229802122,0.072430443,0.27541034
245,1.337289522,0.365135885,0.245221253,0.066957745,0.204516023,0.066411281,0.025253931,0.095664476,0.071223074,0.224752218
246,1.290209552,0.374355214,0.04908692,0.1722416,0.042963344,0.199594033,0.059359153,0.189437068,0.166475957,0.120841924
247,1.422585666,0.389206392,0.219039028,0.206293511,0.040996719,0.222479378,0.067921008,0.093864231,0.111802016,0.037604108
248,1.422377701,0.385793062,0.10180919,0.141717552,0.138298889,0.122670597,0.27362841,0.201362802,0.012750896,0.007761665
249,1.356512726,0.384492195,0.183671827,0.026331214,0.043444757,0.233376291,0.069076325,0.102658672,0.051646112,0.2897948
250,1.284744503,0.376612294,0.160909178,0.045594743,0.108691032,0.094546559,0.144392699,0.080738565,0.198732068,0.166395157
251,1.395251295,0.369764511,0.108485863,0.174743377,0.073152058,0.168140913,0.162947142,0.242834811,0.067534455,0.002161381
252,1.180168119,0.38545005,0.136261384,0.022707566,0.223251601,0.088888962,0.064438264,0.007312282,0.232486457,0.224653483
253,1.448719068,0.378810344,0.248703058,0.255147702,0.11286408,0.143888119,0.028760195,0.123812524,0.033209299,0.053615023
254,1.40339951,0.386466601,0.241776641,0.108711107,0.092307461,0.134104244,0.072826459,0.064971874,0.020973028,0.264329187
255,1.333879003,0.345520044,0.222638371,0.096258413,0.202077263,0.037237519,0.095183597,0.195352918,0.13907548,0.012176439
256,1.296132316,0.413136228,0.045994011,0.138208476,0.164890437,0.158307603,0.18530635,0.044117611,0.133738172,0.129437339
257,1.211271056,0.408632976,0.082223568,0.199027514,0.168234301,0.055663143,0.212126855,0.004568587,0.234325434,0.043830598
258,1.352469954,0.392838112,0.208518342,0.001338865,0.257296914,0.264125104,0.043622431,0.065302804,0.036796571,0.122998968
259,1.398648323,0.373873442,0.17007675,0.16065992,0.1143605,0.152990574,0.068725091,0.149824616,0.096835576,0.086526973
260,1.318706056,0.38052835,0.151288457,0.095176556,0.127579306,0.202665463,0.083284083,0.103549286,0.201714687,0.03474216
261,1.214267095,0.374653494,0.251815079,0.146086501,0.222991713,0.023988924,0.017028142,0.00440986,0.227956462,0.105723319
262,1.258300958,0.373771473,0.111369367,0.059314158,0.185134588,0.015085407,0.20804774,0.117385893,0.171119017,0.13254383
263,1.335144893,0.411118251,0.129778989,0.240458438,0.219650865,0.085305591,0.138947444,0.021837964,0.077007343,0.087013367
264,1.298377859,0.341484778,0.215059092,0.036071105,0.078548775,0.104098959,0.078677995,0.191140482,0.226490053,0.06991354
265,1.291702512,0.396177374,0.090175689,0.176835111,0.091060636,0.07145569,0.166248228,0.074607287,0.118171564,0.211445795
266,1.320471634,0.402903401,0.130883867,0.092719902,0.0884003,0.220358001,0.17136056,0.045442312,0.19680654,0.054028518
267,1.350031315,0.415590731,0.0186014,0.21222955,0.063745664,0.172534206,0.232487889,0.106248222,0.051568209,0.142584861
268,1.197200969,0.383274254,0.033671388,0.095584628,0.21187674,0.115670813,0.040093084,0.09171522,0.188972526,0.2224156
269,1.272484377,0.388655656,0.091626789,0.164108041,0.245455266,0.084414485,0.125680825,0.089229364,0.165119303,0.034365927
270,1.279902516,0.376848993,0.039286882,0.213045495,0.091476698,0.154939657,0.015524315,0.171447129,0.1306483,0.183631525
271,1.360582618,0.385160437,0.096148614,0.063393915,0.13817217,0.116674445,0.291679016,0.158756227,0.113713172,0.021462443
272,1.398318415,0.382228775,0.161004874,0.153346571,0.168076954,0.113989574,0.11471793,0.120793082,0.077008589,0.091062426
273,1.269995916,0.357370382,0.085690576,0.009130742,0.004253528,0.119863141,0.181861806,0.223848168,0.144730785,0.230621255
274,1.268349518,0.387689436,0.026366495,0.137311234,0.048565749,0.196657645,0.134361547,0.143371126,0.19668232,0.116683885
275,1.31667609,0.375457357,0.176670614,0.182489105,0.177859536,0.033821586,0.079896586,0.096488647,0.118066741,0.134707186
276,1.224944879,0.373262645,0.021981903,0.197973639,0.116119608,0.058445186,0.195279173,0.192609582,0.205064935,0.012525974
277,1.352645707,0.399547313,0.189548257,0.175464575,0.021497219,0.191375584,0.111339319,0.033325447,0.168855238,0.108594361
278,1.16899734,0.384159555,0.134602315,0.052651027,0.184330761,0.118725922,0.034669569,0.009884204,0.27466613,0.190470073
279,1.190355962,0.333010376,0.105075365,0.021468382,0.172180976,0.032073805,0.04883099,0.24176334,0.192910924,0.185696218
280,1.278287133,0.371151006,0.19427423,0.074324684,0.06673484,0.025585465,0.208462646,0.092993446,0.199056239,0.13856845
281,1.401572077,0.373561401,0.130858666,0.037449202,0.131567298,0.087458784,0.222680835,0.181357738,0.025376517,0.183250959
282,1.387590518,0.366463528,0.202886874,0.165539162,0.139615121,0.098342497,0.01176355,0.151795961,0.02683518,0.203221654
283,1.327210763,0.386023933,0.078346633,0.049843544,0.174177222,0.204745406,0.129679308,0.134035897,0.130485303,0.098686687
284,1.324242712,0.392798765,0.099447981,0.095994175,0.102238877,0.188006346,0.152419054,0.093824286,0.16874597,0.099323311
285,1.332219258,0.343287247,0.210205831,0.06749826,0.019023215,0.09981325,0.152298126,0.222480322,0.201107485,0.02757351
286,1.297007529,0.37210373,0.02650933,0.033174919,0.176097992,0.106621234,0.203733287,0.203968126,0.11330675,0.136588362
287,1.449792844,0.409112663,0.191041678,0.208198471,0.101248465,0.183678815,0.12894466,0.048875585,0.017872116,0.120140209
288,1.366347014,0.382592061,0.159470152,0.131587232,0.125349099,0.172940492,0.104727173,0.110496206,0.152699818,0.042729828
289,1.23254561,0.403047887,0.030334532,0.21064163,0.045423931,0.179757809,0.120445621,0.067767325,0.23388804,0.111741111
290,1.260085331,0.403599786,0.115286582,0.026951043,0.210661597,0.256269031,0.12688746,0.028463906,0.217954728,0.017525653
291,1.25639101,0.388654869,0.067001807,0.105983322,0.175592078,0.080535513,0.118393086,0.083516268,0.137841233,0.231136693
292,1.271472481,0.349600239,0.151655694,0.186492966,0.175075789,0.03488873,0.033984918,0.200139582,0.15423633,0.063525992
293,1.353370001,0.393147156,0.095719658,0.139072232,0.230218384,0.183986835,0.047549056,0.113086569,0.03163894,0.158728326
294,1.272499631,0.402170386,0.137501649,0.184759366,0.168214708,0.169085081,0.028320438,0.007539188,0.181773989,0.122805582
295,1.316203817,0.366975127,0.153971547,0.104540615,0.021671134,0.086709221,0.155780185,0.151672658,0.163306023,0.162348616
296,1.291998352,0.419137395,0.073158601,0.195970009,0.198014654,0.126472001,0.187650525,0.009439186,0.138301146,0.070993879
297,1.397043715,0.394204769,0.100605049,0.20946381,0.109367677,0.092067177,0.183504843,0.134150755,0.017614155,0.153226534
298,1.272678336,0.357556651,0.170387964,0.0668434,0.050554307,0.049962362,0.181200553,0.155574473,0.223478582,0.10199836
299,1.19706711,0.369781431,0.08537839,0.04991407,0.055942627,0.126909958,0.111157159,0.119913808,0.272748046,0.178035943
300,1.392667261,0.354337154,0.174576869,0.016543355,0.143900603,0.054917515,0.228368217,0.222300818,0.074007593,0.08538503
301,1.320969271,0.377594301,0.052815631,0.148915765,0.160471344,0.111368963,0.154229585,0.182562616,0.118632138,0.071003959
302,1.303306037,0.371422841,0.189694538,0.060354453,0.180243075,0.100636107,0.141909024,0.094938907,0.224502549,0.007721348
303,1.414701629,0.383645749,0.170028849,0.127380441,0.157917126,0.089067049,0.145091227,0.11615753,0.034432201,0.159925576
304,1.233433773,0.341625586,0.131020372,0.152622418,0.028523561,0.011973325,0.100470892,0.238165772,0.170889731,0.166333929
305,1.41881141,0.383074167,0.132465713,0.062149909,0.105010881,0.202434427,0.188300601,0.16438847,0.072351197,0.072898803
306,1.319593329,0.34168628,0.213081489,0.234706333,0.143378961,0.010731712,0.003033703,0.235550383,0.048395161,0.111122258
307,1.287583088,0.379666217,0.078156876,0.114900602,0.122614628,0.112299373,0.11281461,0.126902369,0.156020953,0.176290589
308,1.277494251,0.334390401,0.145049811,0.022416143,0.148938397,0.048919038,0.085416488,0.255888087,0.137190358,0.156181677
309,1.317607097,0.384969741,0.143028676,0.170589455,0.028448483,0.015025444,0.237003949,0.121682157,0.055937358,0.228284477
310,1.396615337,0.398115499,0.173815158,0.231341407,0.134927821,0.101465703,0.153227604,0.068112237,0.085925597,0.051184472
311,1.398128438,0.420289062,0.173203696,0.142980822,0.092649509,0.312070655,0.083811564,0.025958252,0.00952335,0.159802152
312,1.313975848,0.390511952,0.130799307,0.205434517,0.092324487,0.109775618,0.0899532,0.072933267,0.14960988,0.149169723
313,1.380766819,0.389871569,0.070680075,0.19345676,0.043632666,0.19054101,0.139874159,0.168596152,0.070034918,0.123184259
314,1.255760216,0.412949545,0.037097383,0.256103928,0.104326126,0.039920162,0.25044914,0.055368483,0.121148099,0.135586678
315,1.267718073,0.398266784,0.180901727,0.233748638,0.223568079,0.128284349,0.02769637,0.004011498,0.193817159,0.007972182
316,1.432608906,0.391056022,0.149570034,0.157486587,0.018216117,0.186715938,0.146496659,0.136202448,0.024533881,0.180778336
317,1.280499076,0.386666773,0.205631197,0.015241948,0.126849067,0.050603013,0.273692872,0.029696816,0.222845371,0.075439716
318,1.208167891,0.346809356,0.021013404,0.167251018,0.001470584,0.17837978,0.017571071,0.290535745,0.200952933,0.122825465
319,1.168113712,0.357607299,0.143066826,0.073281838,0.077634091,0.001950262,0.150698095,0.121422736,0.278749776,0.153196377
320,1.338666943,0.397901149,0.080111347,0.177455355,0.122446644,0.178539463,0.069695822,0.093513272,0.081902686,0.19633541
321,1.377796769,0.383003362,0.093323666,0.052648457,0.243850222,0.222116928,0.146214527,0.194353089,0.012318182,0.03517493
322,1.298138021,0.369807112,0.094039702,0.126433146,0.000947874,0.11440443,0.176108654,0.183121541,0.17094758,0.133997074
323,1.218392224,0.354525632,0.203628433,0.151369353,0.202948781,0.019499547,0.008451726,0.112663487,0.224506297,0.076932376
324,1.256443455,0.383751925,0.040539509,0.16050783,0.168262254,0.080944354,0.102907959,0.123176422,0.146328943,0.177332729
325,1.394211358,0.371887498,0.165114204,0.087691958,0.026364214,0.092173219,0.210520526,0.173955697,0.055459525,0.188720657
